image: /home/rock/mymap.pgm
resolution: 0.050000
origin: [-7.327511, -7.420022, 0.0]
negate: 0
occupied_thresh: 0.65
free_thresh: 0.196
